混淆矩阵：
[[  46    0    0    0    0    0    0    0    0    0    0    0    0    0    0    0]
 [   0 1421    1    0    0    1    0    0    0    5    0    0    0    0    0    0]
 [   0    1  828    0    0    0    0    0    0    0    0    1    0    0    0    0]
 [   0    0    0  237    0    0    0    0    0    0    0    0    0    0    0    0]
 [   0    0    0    1  481    0    0    0    0    0    0    0    0    1    0    0]
 [   0    0    0    0    0  730    0    0    0    0    0    0    0    0    0    0]
 [   0    0    0    0    0    0   28    0    0    0    0    0    0    0    0    0]
 [   0    0    0    0    0    0    0  478    0    0    0    0    0    0    0    0]
 [   0    0    0    0    0    0    0    0   20    0    0    0    0    0    0    0]
 [   0    1    0    0    0    0    0    0    0  963    6    1    0    0    1    0]
 [   0    1    0    0    0    8    0    0    0    1 2445    0    0    0    0    0]
 [   0    0    2    0    0    0    0    0    0    0    0  591    0    0    0    0]
 [   0    0    0    0    0    0    0    0    0    0    0    0  205    0    0    0]
 [   0    0    0    0    0    0    0    0    0    0    0    0    0 1265    0    0]
 [   0    0    0    0    0    0    0    0    0    0    0    0    0    1   385   0]
 [   0    0    0    0    0    0    0    0    0    0    0    0    0    0    0   93]]

Kappa系数： 0.9977835341413226